referrer,views_total,views_unique
github.com,23,22
Google,14,9
Bing,13,9
DuckDuckGo,7,7
search.brave.com,5,1
yandex.ru,3,3
chatgpt.com,1,1
doubao.com,1,1
